159.210000 89.610000 2737.697419
158.340000 88.740000 1387.285741
157.470000 87.870000 712.079902
156.600000 87.000000 374.476982
155.730000 86.130000 205.675523
154.860000 85.260000 121.274793
153.990000 84.390000 79.074428
153.120000 83.520000 57.974245
152.250000 82.650000 47.424154
151.380000 81.780000 42.149109
150.510000 80.910000 39.511586
149.640000 80.040000 38.192824
148.770000 79.170000 37.533444
147.900000 78.300000 37.203753
147.030000 77.430000 37.038908
146.160000 76.560000 36.956486
145.290000 75.690000 36.915274
144.420000 74.820000 36.894669
143.550000 73.950000 36.884366
142.680000 73.080000 36.879214
141.810000 72.210000 36.876639
140.940000 71.340000 36.875351
140.070000 70.470000 36.874707
139.200000 69.600000 36.874385
138.330000 68.730000 36.874224
137.460000 69.600000 36.874143
136.590000 70.470000 36.874103
135.720000 71.340000 36.874083
134.850000 72.210000 36.874073
133.980000 73.080000 36.874068
133.110000 73.950000 36.874066
132.240000 74.820000 36.874064
131.370000 75.690000 36.874064
130.500000 76.560000 36.874063
129.630000 77.430000 36.874063
128.760000 78.300000 36.874063
127.890000 79.170000 36.874063
127.020000 80.040000 36.874063
126.150000 80.910000 36.874063
125.280000 81.780000 36.874063
124.410000 82.650000 36.874063
123.540000 83.520000 36.874063
122.670000 84.390000 36.874063
121.800000 85.260000 36.874063
120.930000 86.130000 36.874063
120.060000 87.000000 36.874063
119.190000 87.870000 36.874063
118.320000 88.740000 36.874063
117.450000 89.610000 36.874063
116.580000 90.480000 36.874063
115.710000 91.350000 36.874063
114.840000 92.220000 36.874063
113.970000 93.090000 36.874063
113.100000 93.960000 36.874063
112.230000 94.830000 36.874063
111.360000 95.700000 36.874063
110.490000 96.570000 36.874063
109.620000 97.440000 36.874063
108.750000 98.310000 36.874063
107.880000 99.180000 36.874063
107.010000 100.050000 36.874063
106.140000 100.920000 36.874063
105.270000 101.790000 36.874063
104.400000 102.660000 36.874063
103.530000 103.530000 36.874063
102.660000 104.400000 36.874063
101.790000 105.270000 36.874063
100.920000 106.140000 36.874063
100.050000 107.010000 36.874063
99.180000 107.880000 36.874063
98.310000 108.750000 36.874063
97.440000 109.620000 36.874063
96.570000 110.490000 36.874063
95.700000 111.360000 36.874063
94.830000 112.230000 36.874063
93.960000 113.100000 36.874063
93.090000 113.970000 36.874063
92.220000 114.840000 36.874063
91.350000 115.710000 36.874063
90.480000 116.580000 36.874063
89.610000 117.450000 36.874063
88.740000 118.320000 36.874063
87.870000 119.190000 36.874063
87.000000 120.060000 36.874063
86.130000 120.930000 36.874063
85.260000 121.800000 36.874063
84.390000 122.670000 36.874063
83.520000 123.540000 36.874063
82.650000 124.410000 36.874063
81.780000 125.280000 36.874063
80.910000 126.150000 36.874063
80.040000 127.020000 36.874063
79.170000 127.890000 36.874063
78.300000 128.760000 36.874063
77.430000 129.630000 36.874063
76.560000 130.500000 36.874063
75.690000 131.370000 36.874063
74.820000 132.240000 36.874063
73.950000 133.110000 36.874063
73.080000 133.980000 36.874063
72.210000 134.850000 36.874063
71.340000 135.720000 36.874063
70.470000 136.590000 36.874063
69.600000 137.460000 36.874063
68.730000 138.330000 36.874063
69.600000 137.460000 36.874063
70.470000 136.590000 36.874063
71.340000 135.720000 36.874063
72.210000 134.850000 36.874063
73.080000 133.980000 36.874063
73.950000 133.110000 36.874063
74.820000 132.240000 36.874063
75.690000 131.370000 36.874063
76.560000 130.500000 36.874063
77.430000 129.630000 36.874063
78.300000 128.760000 36.874063
79.170000 127.890000 36.874063
80.040000 127.020000 36.874063
80.910000 126.150000 36.874063
81.780000 125.280000 36.874063
82.650000 124.410000 36.874063
83.520000 123.540000 36.874063
84.390000 122.670000 36.874063
85.260000 121.800000 36.874063
86.130000 120.930000 36.874063
87.000000 120.060000 36.874063
87.870000 119.190000 36.874063
88.740000 118.320000 36.874063
89.610000 117.450000 36.874063
90.480000 116.580000 36.874063
91.350000 115.710000 36.874063
92.220000 114.840000 36.874063
93.090000 113.970000 36.874063
93.960000 113.100000 36.874063
94.830000 112.230000 36.874063
95.700000 111.360000 36.874063
96.570000 110.490000 36.874063
97.440000 109.620000 36.874063
98.310000 108.750000 36.874063
99.180000 107.880000 36.874063
100.050000 107.010000 36.874063
100.920000 106.140000 36.874063
101.790000 105.270000 36.874063
102.660000 104.400000 36.874063
103.530000 103.530000 36.874063
104.400000 102.660000 36.874063
105.270000 101.790000 36.874063
106.140000 100.920000 36.874063
107.010000 100.050000 36.874063
107.880000 99.180000 36.874063
108.750000 98.310000 36.874063
109.620000 97.440000 36.874063
110.490000 96.570000 36.874063
111.360000 95.700000 36.874063
112.230000 94.830000 36.874063
113.100000 93.960000 36.874063
113.970000 93.090000 36.874063
114.840000 92.220000 36.874063
115.710000 91.350000 36.874063
116.580000 90.480000 36.874063
117.450000 89.610000 36.874063
118.320000 88.740000 36.874063
119.190000 87.870000 36.874063
120.060000 87.000000 36.874063
120.930000 86.130000 36.874063
121.800000 85.260000 36.874063
122.670000 84.390000 36.874063
123.540000 83.520000 36.874063
124.410000 82.650000 36.874063
125.280000 81.780000 36.874063
126.150000 80.910000 36.874063
127.020000 80.040000 36.874063
127.890000 79.170000 36.874063
128.760000 78.300000 36.874063
129.630000 77.430000 36.874063
130.500000 76.560000 36.874063
131.370000 75.690000 36.874063
132.240000 74.820000 36.874063
133.110000 73.950000 36.874063
133.980000 73.080000 36.874063
134.850000 72.210000 36.874063
135.720000 71.340000 36.874063
136.590000 70.470000 36.874063
137.460000 69.600000 36.874063
138.330000 68.730000 36.874063
139.200000 69.600000 36.874063
140.070000 70.470000 36.874063
140.940000 71.340000 36.874063
141.810000 72.210000 36.874063
142.680000 73.080000 36.874063
143.550000 73.950000 36.874063
144.420000 74.820000 36.874063
145.290000 75.690000 36.874063
146.160000 76.560000 36.874063
147.030000 77.430000 36.874063
147.900000 78.300000 36.874063
148.770000 79.170000 36.874063
149.640000 80.040000 36.874063
150.510000 80.910000 36.874063
151.380000 81.780000 36.874063
152.250000 82.650000 36.874063
153.120000 83.520000 36.874063
153.990000 84.390000 36.874063
154.860000 85.260000 36.874063
155.730000 86.130000 36.874063
156.600000 87.000000 36.874063
157.470000 87.870000 36.874063
158.340000 88.740000 36.874063
159.210000 89.610000 36.874063
160.080000 90.480000 36.874063
160.950000 91.350000 36.874063
161.820000 92.220000 36.874063
162.690000 93.090000 36.874063
163.560000 93.960000 36.874063
164.430000 94.830000 36.874063
165.300000 95.700000 36.874063
166.170000 96.570000 36.874063
167.040000 97.440000 36.874063
167.910000 98.310000 36.874063
168.780000 99.180000 36.874063
169.650000 100.050000 36.874063
170.520000 100.920000 36.874063
171.390000 101.790000 36.874063
172.260000 102.660000 36.874063
173.130000 103.530000 36.874063
174.000000 104.400000 36.874063
174.870000 105.270000 36.874063
175.740000 106.140000 36.874063
176.610000 107.010000 36.874063
177.480000 107.880000 36.874063
178.350000 108.750000 36.874063
179.220000 109.620000 36.874063
180.090000 110.490000 36.874063
180.960000 111.360000 36.874063
181.830000 112.230000 36.874063
182.700000 113.100000 36.874063
183.570000 113.970000 36.874063
184.440000 114.840000 36.874063
185.310000 115.710000 36.874063
186.180000 116.580000 36.874063
187.050000 117.450000 36.874063
187.920000 118.320000 36.874063
188.790000 119.190000 36.874063
189.660000 120.060000 36.874063
190.530000 120.930000 36.874063
191.400000 121.800000 36.874063
192.270000 122.670000 36.874063
193.140000 123.540000 36.874063
194.010000 124.410000 36.874063
194.880000 125.280000 36.874063
195.750000 126.150000 36.874063
196.620000 127.020000 36.874063
197.490000 127.890000 36.874063
198.360000 128.760000 36.874063
199.230000 129.630000 36.874063
200.100000 130.500000 36.874063
200.970000 131.370000 36.874063
201.840000 132.240000 36.874063
202.710000 133.110000 36.874063
203.580000 133.980000 36.874063
204.450000 134.850000 36.874063
205.320000 135.720000 36.874063
206.190000 136.590000 36.874063
207.060000 137.460000 36.874063
207.930000 138.330000 36.874063
207.060000 137.460000 36.874063
206.190000 136.590000 36.874063
205.320000 135.720000 36.874063
204.450000 134.850000 36.874063
203.580000 133.980000 36.874063
202.710000 133.110000 36.874063
201.840000 132.240000 36.874063
200.970000 131.370000 36.874063
200.100000 130.500000 36.874063
199.230000 129.630000 36.874063
198.360000 128.760000 36.874063
197.490000 127.890000 36.874063
196.620000 127.020000 36.874063
195.750000 126.150000 36.874063
194.880000 125.280000 36.874063
194.010000 124.410000 36.874063
193.140000 123.540000 36.874063
192.270000 122.670000 36.874063
191.400000 121.800000 36.874063
190.530000 120.930000 36.874063
189.660000 120.060000 36.874063
188.790000 119.190000 36.874063
187.920000 118.320000 36.874063
187.050000 117.450000 36.874063
186.180000 116.580000 36.874063
185.310000 115.710000 36.874063
184.440000 114.840000 36.874063
183.570000 113.970000 36.874063
182.700000 113.100000 36.874063
181.830000 112.230000 36.874063
180.960000 111.360000 36.874063
180.090000 110.490000 36.874063
179.220000 109.620000 36.874063
178.350000 108.750000 36.874063
177.480000 107.880000 36.874063
176.610000 107.010000 36.874063
175.740000 106.140000 36.874063
174.870000 105.270000 36.874063
174.000000 104.400000 36.874063
173.130000 103.530000 36.874063
172.260000 102.660000 36.874063
171.390000 101.790000 36.874063
170.520000 100.920000 36.874063
169.650000 100.050000 36.874063
168.780000 99.180000 36.874063
167.910000 98.310000 36.874063
167.040000 97.440000 36.874063
166.170000 96.570000 36.874063
165.300000 95.700000 36.874063
164.430000 94.830000 36.874063
163.560000 93.960000 36.874063
162.690000 93.090000 36.874063
161.820000 92.220000 36.874063
160.950000 91.350000 36.874063
160.080000 90.480000 36.874063
159.210000 89.610000 36.874063
158.340000 88.740000 36.874063
157.470000 87.870000 36.874063
156.600000 87.000000 36.874063
155.730000 86.130000 36.874063
154.860000 85.260000 36.874063
153.990000 84.390000 36.874063
153.120000 83.520000 36.874063
152.250000 82.650000 36.874063
151.380000 81.780000 36.874063
150.510000 80.910000 36.874063
149.640000 80.040000 36.874063
148.770000 79.170000 36.874063
147.900000 78.300000 36.874063
147.030000 77.430000 36.874063
146.160000 76.560000 36.874063
145.290000 75.690000 36.874063
144.420000 74.820000 36.874063
143.550000 73.950000 36.874063
142.680000 73.080000 36.874063
141.810000 72.210000 36.874063
140.940000 71.340000 36.874063
140.070000 70.470000 36.874063
139.200000 69.600000 36.874063
138.330000 68.730000 36.874063
137.460000 69.600000 36.874063
136.590000 70.470000 36.874063
135.720000 71.340000 36.874063
134.850000 72.210000 36.874063
133.980000 73.080000 36.874063
133.110000 73.950000 36.874063
132.240000 74.820000 36.874063
131.370000 75.690000 36.874063
130.500000 76.560000 36.874063
129.630000 77.430000 36.874063
128.760000 78.300000 36.874063
127.890000 79.170000 36.874063
127.020000 80.040000 36.874063
126.150000 80.910000 36.874063
125.280000 81.780000 36.874063
124.410000 82.650000 36.874063
123.540000 83.520000 36.874063
122.670000 84.390000 36.874063
121.800000 85.260000 36.874063
120.930000 86.130000 36.874063
120.060000 87.000000 36.874063
119.190000 87.870000 36.874063
118.320000 88.740000 36.874063
117.450000 89.610000 36.874063
116.580000 90.480000 36.874063
115.710000 91.350000 36.874063
114.840000 92.220000 36.874063
113.970000 93.090000 36.874063
113.100000 93.960000 36.874063
112.230000 94.830000 36.874063
111.360000 95.700000 36.874063
110.490000 96.570000 36.874063
109.620000 97.440000 36.874063
108.750000 98.310000 36.874063
107.880000 99.180000 36.874063
107.010000 100.050000 36.874063
106.140000 100.920000 36.874063
105.270000 101.790000 36.874063
104.400000 102.660000 36.874063
103.530000 103.530000 36.874063
102.660000 104.400000 36.874063
101.790000 105.270000 36.874063
100.920000 106.140000 36.874063
100.050000 107.010000 36.874063
99.180000 107.880000 36.874063
98.310000 108.750000 36.874063
97.440000 109.620000 36.874063
96.570000 11