030464 
030464 
015120 
030219 
041149 
049853 
050109 
015037 
030400 
016770 
039424 
038599 
030239 
000003 
037376 
039680 
007846 
030400 
016642 
010405 
010000 
037575 
019113 
027653 
000013 
065533 
065519 
000396 
030239 
000451 
010278 
000064 
030400 
016770 
039425 
038599 
038599 
030464 
030464 
030464 
030464 
030239 
000451 
010277 
000016 
030464 
030464 
030464 
030464 
010278 
000016 
030464 
030464 
030464 
030464 
030239 
000003 
017920 
065516 
000248 
030239 
000048 
010260 
000016 
010258 
000144 
030239 
000451 
010277 
000064 
030239 
000003 
050109 
049853 
043197 
041661 
008865 
037387 
037900 
006313 
016383 
006825 
032768 
039680 
010412 
000005 
022075 
007847 
011537 
004807 
022133 
000023 
022131 
000024 
010412 
000008 
022050 
037801 
022133 
000019 
022131 
000020 
040616 
002217 
032768 
030239 
000128 
011013 
038404 
030239 
000003 
037387 
037901 
006313 
016383 
006825 
032768 
039680 
010412 
000005 
022075 
007847 
037583 
038409 
016911 
027653 
030400 
016832 
038599 
038599 
037387 
002985 
006313 
016383 
038411 
006825 
032768 
039680 
010412 
000005 
022075 
033449 
030400 
000384 
030336 
001536 
015106 
039680 
037386 
035497 
010401 
000001 
022067 
011655 
008608 
011668 
004743 
011655 
008608 
011668 
013191 
034774 
022086 
000135 
042694 
007878 
022115 
000135 
034758 
022086 
000135 
056836 
034774 
022086 
000135 
034758 
022086 
000135 
034774 
022086 
000135 
036521 
001952 
036521 
001952 
042694 
007878 
022115 
000135 
034758 
022086 
000135 
056836 
034774 
022086 
000135 
034758 
022086 
000135 
001963 
036521 
001952 
036521 
001952 
042694 
007878 
036521 
001952 
036521 
001952 
056836 
038787 
000009 
065476 
010498 
062986 
030464 
011538 
004617 
022133 
000023 
022131 
000024 
010412 
000008 
022050 
037801 
022133 
000021 
022131 
000022 
040616 
002217 
032768 
010913 
033470 
035518 
050366 
050622 
002854 
002865 
002868 
002871 
002874 
016399 
027907 
011022 
011024 
016655 
027652 
002574 
026626 
002576 
037648 
038816 
030239 
000128 
016384 
028159 
063056 
030464 
010245 
000001 
038404 
030400 
016770 
039425 
038599 
038599 
030464 
030400 
016641 
010405 
000061 
030239 
000451 
037575 
038534 
010277 
000016 
030464 
030464 
010278 
000016 
000013 
065528 
030464 
030464 
030464 
037575 
038534 
030464 
030464 
030400 
016772 
037536 
038534 
065479 
038599 
030464 
030464 
030464 
030464 
037536 
038599 
028524 
030239 
000048 
010260 
000016 
010258 
000864 
030239 
000451 
016932 
027974 
030400 
016770 
039427 
038599 
038599 
030464 
030464 
030464 
030464 
010277 
000016 
030464 
030464 
030464 
010278 
000016 
030464 
030464 
030464 
010277 
000016 
030464 
030464 
030464 
010278 
000016 
030464 
030464 
030464 
010277 
000016 
030464 
030464 
030464 
010278 
000016 
030464 
030464 
030464 
010277 
000016 
030464 
030464 
030464 
010278 
000016 
030464 
030464 
030464 
030464 
016932 
027862 
030400 
016770 
039424 
038599 
038599 
030464 
030464 
030400 
016642 
010405 
010000 
037575 
019113 
027652 
000013 
065533 
028454 
030400 
016770 
039425 
038599 
038599 
030464 
030400 
016641 
010405 
000062 
030239 
000451 
037575 
038534 
010277 
000016 
030464 
030464 
010278 
000016 
000013 
065528 
030464 
030464 
030464 
030464 
037575 
038534 
030239 
000003 
037376 
038410 
001702 
037119 
006825 
001792 
038400 
030239 
000048 
010260 
000048 
010260 
049152 
030255 
000000 
036542 
050622 
050366 
033726 
030211 
010512 
030210 
030239 
000448 
010273 
000009 
030239 
000048 
010244 
032784 
010240 
065535 
011009 
010244 
032768 
030239 
000048 
020228 
027901 
030239 
000000 
010259 
000006 
030239 
000001 
011009 
039451 
030335 
034461 
010409 
065534 
030335 
034470 
039431 
030335 
034461 
030335 
033786 
030239 
000034 
010244 
008192 
030239 
000128 
011008 
010409 
065535 
030335 
034516 
010240 
000003 
010409 
065535 
030335 
034516 
030336 
032768 
011142 
010374 
000048 
010374 
065535 
010374 
065535 
010374 
065535 
010374 
000080 
010374 
049705 
010374 
032778 
010374 
002054 
010374 
000001 
010374 
002048 
010374 
001540 
010374 
000001 
010374 
000080 
010374 
049705 
010374 
032778 
063490 
037641 
037386 
038790 
038534 
011142 
011142 
011142 
038790 
038534 
011142 
030239 
008192 
010247 
013056 
010240 
034945 
010242 
000262 
010245 
012304 
010247 
013057 
010246 
021008 
010242 
020480 
010243 
010690 
010244 
002688 
053504 
010400 
024832 
030335 
035646 
039681 
010409 
034464 
030335 
034517 
030335 
035462 
028071 
030335 
035519 
028068 
039681 
010409 
034464 
030335 
034517 
030335 
035552 
027804 
030239 
008192 
010247 
013056 
010242 
000256 
010247 
013057 
010246 
004624 
053504 
010400 
008448 
030335 
035646 
039681 
010409 
034464 
030335 
034517 
030336 
032768 
010374 
065535 
030239 
000128 
010240 
000002 
010409 
065535 
030335 
034516 
010240 
000003 
063120 
030464 
030239 
000451 
010294 
000001 
010512 
030239 
000034 
010244 
000256 
030239 
000003 
016429 
027715 
010400 
065535 
037426 
038443 
037424 
038442 
048881 
030400 
000512 
030335 
033567 
037419 
038450 
037418 
038448 
024578 
011168 
037429 
038443 
037427 
038442 
048884 
030400 
000576 
030335 
033567 
037419 
038453 
037418 
038451 
024579 
010400 
000001 
037432 
038443 
037430 
038442 
048887 
030400 
000640 
030335 
033567 
037419 
038456 
037418 
038454 
024579 
010400 
000002 
037435 
038443 
037433 
038442 
048890 
030400 
000704 
030335 
033567 
037419 
038459 
037418 
038457 
024579 
010400 
000003 
030759 
011052 
030400 
016867 
037657 
038855 
065489 
030400 
016883 
038855 
016409 
027654 
010407 
016864 
037402 
038599 
028420 
010407 
016736 
037575 
037662 
029097 
053026 
039212 
038430 
016665 
027654 
010407 
016865 
037403 
038599 
028420 
010407 
016737 
037575 
037663 
029097 
053027 
039212 
038431 
016921 
027654 
010407 
016880 
037404 
038599 
028420 
010407 
016752 
037575 
037664 
029097 
053028 
039212 
038432 
017177 
027654 
010407 
016881 
037405 
038599 
028420 
010407 
016753 
037575 
037665 
029097 
053029 
039212 
038433 
020262 
065516 
000136 
010278 
065535 
037420 
065505 
000131 
037416 
038438 
030336 
032791 
037422 
038534 
037648 
037390 
021776 
024829 
038534 
038790 
037406 
038534 
037407 
038534 
037408 
038534 
037409 
038534 
037542 
010401 
032787 
040609 
065408 
053504 
038561 
065519 
001380 
016427 
027653 
020422 
027744 
011051 
028507 
037418 
029351 
037767 
020392 
027981 
020136 
027944 
019880 
027911 
018600 
027907 
029482 
028495 
038698 
028493 
019624 
027915 
002602 
006186 
000063 
037511 
010407 
000218 
037123 
029607 
038599 
028480 
010407 
000218 
037544 
036879 
011689 
037544 
065475 
036867 
029351 
039425 
065382 
018600 
027909 
007337 
065535 
049351 
028463 
039111 
028461 
019880 
027924 
010407 
000222 
037544 
036879 
011689 
037544 
065475 
036867 
029351 
039425 
065382 
018600 
027908 
052935 
024607 
028443 
052935 
024860 
028440 
019624 
027908 
037420 
024855 
028435 
037767 
021776 
025107 
037767 
021774 
025104 
002602 
002602 
028426 
007080 
065535 
024842 
006312 
032767 
038854 
010283 
000001 
028420 
002602 
006186 
000063 
000006 
030239 
000003 
020238 
030239 
000451 
027908 
010294 
016384 
028419 
010293 
016384 
030239 
000000 
037376 
065504 
000867 
065519 
000937 
065519 
065238 
030239 
000449 
052251 
007936 
065505 
065232 
010409 
034464 
039681 
030335 
034531 
030239 
000001 
010240 
000064 
011009 
011010 
030335 
034407 
065517 
000681 
037119 
065505 
065214 
038403 
036927 
038400 
030335 
034427 
065517 
000671 
038404 
006916 
065534 
024842 
006916 
065533 
024933 
006916 
065531 
065505 
000212 
065519 
000272 
030335 
034407 
065517 
000654 
021120 
024845 
037379 
030335 
034461 
037380 
030335 
034470 
030335 
034460 
030335 
034448 
065519 
065176 
030335 
034439 
065517 
000636 
030335 
034485 
065504 
065168 
039451 
030335 
034461 
010409 
065534 
030335 
034470 
039425 
030335 
034461 
030335 
033786 
011009 
037379 
030335 
034461 
010409 
065534 
030335 
034470 
039552 
030335 
034461 
052225 
000255 
030335 
034461 
065519 
065139 
037386 
030335 
034470 
037387 
030335 
034470 
030463 
017986 
010405 
000018 
009385 
057089 
030335 
034461 
000013 
065532 
052225 
000255 
065519 
000657 
000066 
000097 
000115 
000101 
000068 
000083 
000080 
000032 
000083 
000078 
000048 
000049 
000053 
000032 
000032 
000032 
000032 
000032 
000032 
030335 
034407 
065517 
000560 
038409 
030335 
034490 
065517 
000555 
024852 
037379 
030335 
034461 
037380 
030335 
034470 
037385 
030335 
034461 
037381 
030335 
034470 
037382 
030335 
034470 
030335 
034448 
065519 
065071 
030335 
034407 
065517 
000531 
038412 
030335 
034427 
065517 
000526 
038414 
030335 
034427 
065517 
000521 
030335 
034439 
065517 
000517 
030335 
034485 
065504 
000169 
006924 
000130 
024581 
046688 
062991 
011143 
028453 
010248 
000011 
006930 
000001 
024837 
006930 
000002 
065504 
000153 
037390 
038404 
006924 
000129 
024858 
010248 
000005 
006924 
000128 
024586 
010248 
000009 
030335 
033929 
024837 
011012 
030335 
033929 
024837 
010244 
065533 
065519 
000130 
037390 
038532 
037394 
038596 
010248 
000001 
028662 
010248 
000010 
030335 
033929 
024817 
039424 
028660 
054368 
010405 
000007 
037572 
021508 
024836 
056322 
000013 
065532 
000006 
030335 
034407 
065517 
000446 
038409 
030335 
034490 
065517 
000441 
024719 
030335 
034407 
065517 
000436 
038412 
006924 
000128 
065505 
000160 
006924 
000130 
065505 
000156 
006924 
000133 
024928 
006924 
000132 
024837 
006924 
000134 
024836 
028486 
065519 
064786 
030335 
034439 
065517 
000411 
030335 
034485 
024639 
015120 
063120 
030464 
030219 
030239 
000451 
010278 
000001 
010277 
000001 
030211 
062986 
030464 
030241 
063120 
030464 
010512 
010248 
000001 
028459 
030335 
033929 
024843 
037379 
030335 
034461 
037380 
030335 
034470 
030335 
034448 
065519 
064911 
030335 
034407 
065517 
000371 
038409 
030335 
034407 
065517 
000366 
038412 
006924 
000128 
024922 
006924 
000130 
024919 
006924 
000129 
024916 
006924 
000131 
024913 
006924 
000133 
024854 
030335 
034439 
010248 
000005 
039429 
030335 
034461 
037380 
030335 
034470 
037385 
030335 
034461 
037384 
030335 
034461 
037377 
030335 
034461 
065519 
064865 
030335 
034427 
065517 
000325 
038413 
030335 
034427 
065517 
000320 
038414 
030335 
034407 
065517 
000315 
038416 
020237 
065516 
000195 
030335 
034507 
052493 
061440 
065495 
052238 
000015 
051880 
030239 
000128 
038401 
030239 
000001 
030335 
034407 
065517 
000294 
030335 
035181 
030335 
034461 
002832 
024823 
030239 
000128 
011009 
030239 
000001 
030335 
034439 
065517 
000279 
030335 
034485 
024772 
010248 
000001 
028609 
030335 
034427 
065517 
000269 
038413 
030335 
034427 
065517 
000264 
038414 
006924 
000128 
024694 
030335 
034407 
065517 
000256 
038416 
030335 
034439 
065517 
000251 
030335 
034485 
024735 
010248 
000003 
020237 
027920 
019981 
065516 
000985 
052237 
065280 
007081 
016384 
024871 
007081 
016640 
024868 
007081 
016896 
024884 
028556 
030239 
000128 
010241 
000256 
030239 
000001 
037392 
065472 
026499 
038416 
030335 
034507 
052493 
028672 
065495 
052238 
000015 
006825 
016640 
051880 
039680 
007846 
037574 
030335 
034470 
002832 
024828 
010248 
000001 
065519 
065399 
016400 
065517 
065383 
030335 
034507 
052493 
000255 
037390 
007846 
037510 
030335 
034470 
002832 
002832 
024827 
010248 
000001 
065519 
065380 
010248 
000012 
030335 
035357 
065517 
065365 
030335 
034507 
037392 
038565 
056705 
030335 
035382 
039427 
030335 
035328 
030239 
000001 
052238 
008191 
030335 
035325 
030335 
035303 
030335 
034461 
000013 
065532 
030335 
035396 
030239 
000001 
010248 
000001 
065519 
065344 
006924 
000130 
065504 
000137 
030335 
034407 
065517 
000135 
038416 
020237 
027926 
019981 
065516 
000874 
052237 
065280 
007081 
016384 
024883 
007081 
016640 
024880 
007081 
016896 
024902 
010248 
000003 
030335 
034439 
028016 
065519 
065303 
030239 
000128 
010241 
000256 
030239 
000001 
037392 
065472 
026609 
038416 
052493 
028672 
065495 
052238 
000015 
006825 
016768 
051880 
039680 
007846 
030335 
034427 
027991 
038598 
002832 
024827 
030335 
034439 
027985 
030335 
034485 
065504 
065270 
010248 
000001 
065519 
065266 
016400 
065517 
065259 
052493 
000255 
037390 
007846 
030335 
034427 
027967 
038534 
002832 
002832 
024826 
030335 
034439 
027960 
030335 
034485 
065504 
065245 
010248 
000001 
065519 
065241 
052238 
000031 
037904 
002985 
006313 
065504 
024757 
010248 
000012 
030335 
035357 
028082 
037392 
038565 
056705 
030335 
035379 
039430 
030335 
035328 
030335 
035396 
030335 
035379 
039426 
030335 
035328 
030239 
000001 
052238 
008191 
030335 
035325 
030335 
034407 
027916 
030335 
035328 
000013 
065531 
030335 
035396 
030239 
000001 
028592 
065519 
065190 
030239 
000048 
020228 
030239 
000001 
065517 
064531 
063937 
011025 
011034 
010267 
016449 
010266 
057344 
010267 
008193 
010257 
000035 
065519 
064518 
030239 
000001 
011015 
030239 
000449 
052251 
007936 
024581 
030335 
034542 
027897 
000006 
037399 
030239 
000001 
061954 
015367 
002816 
020393 
000006 
030335 
034407 
027650 
000006 
065415 
038407 
030335 
034410 
027650 
000006 
037383 
000006 
052224 
000255 
024579 
010500 
000006 
030335 
034407 
027897 
000006 
024064 
002982 
030335 
034407 
027650 
000006 
030335 
034461 
000014 
065530 
010500 
000006 
037383 
030219 
030239 
000449 
019482 
028159 
015385 
030211 
061953 
000006 
030219 
030239 
000449 
052506 
006144 
024830 
051225 
030464 
030464 
015385 
030211 
061953 
065479 
061953 
000006 
010248 
000002 
052226 
065535 
000006 
030335 
034427 
027650 
000006 
038405 
030335 
034427 
027650 
000006 
038406 
037381 
021514 
024834 
000006 
037382 
021515 
000006 
037392 
039941 
030335 
034461 
037380 
030335 
034470 
037385 
028618 
039680 
030219 
030239 
000048 
010244 
032784 
038400 
038657 
010244 
032768 
020228 
027903 
030211 
000006 
039680 
030219 
030239 
000048 
010244 
032784 
038400 
038657 
010244 
032768 
030211 
000006 
030219 
030239 
000048 
020228 
030211 
000006 
028483 
021008 
024641 
030239 
000000 
010242 
000001 
011011 
030335 
034578 
006913 
000000 
024631 
010242 
065535 
010243 
065535 
030335 
034578 
006913 
000000 
024622 
010242 
000016 
011011 
030335 
034578 
006913 
000000 
024614 
039680 
030352 
000000 
010405 
065535 
037379 
038534 
037890 
000013 
065534 
002728 
021249 
024826 
039680 
030352 
000000 
010405 
065535 
037379 
021638 
024584 
037890 
000013 
065533 
002728 
021249 
024825 
000006 
010241 
000001 
038402 
056961 
037574 
038403 
038660 
032261 
000006 
030239 
000000 
011008 
065519 
064601 
030239 
000034 
010244 
008192 
030335 
035552 
027911 
030239 
000034 
010244 
000256 
065519 
064590 
030335 
035766 
030239 
000528 
006920 
002054 
024661 
006921 
000001 
024656 
006922 
002048 
024653 
006923 
001540 
024650 
006924 
000001 
024647 
021781 
024645 
021526 
024643 
030336 
032768 
011142 
010374 
000048 
037389 
038534 
037390 
038534 
037391 
038534 
010374 
000080 
010374 
049705 
010374 
032778 
010374 
002054 
010374 
000001 
010374 
002048 
010374 
001540 
010374 
000002 
010374 
000080 
010374 
049705 
010374 
032778 
030335 
035766 
038790 
038534 
037389 
038534 
038560 
037646 
038790 
037391 
038534 
030335 
035789 
037648 
038790 
037393 
038534 
030335 
035773 
011142 
030335 
035462 
027652 
030335 
035713 
028667 
030335 
035519 
065516 
064206 
030335 
035713 
028660 
065519 
064201 
006914 
000080 
024828 
006915 
049705 
024825 
006916 
032778 
024822 
006920 
002048 
024819 
021777 
024817 
021522 
024815 
037385 
006313 
065280 
007081 
017664 
024809 
030336 
033801 
065312 
000000 
062985 
003462 
038821 
039680 
003493 
038056 
007337 
065535 
024796 
037389 
037119 
021009 
065504 
000671 
037397 
065472 
026370 
040191 
038565 
030336 
033811 
065312 
000000 
003462 
000013 
065535 
003343 
003344 
003345 
003346 
002321 
003349 
038821 
039680 
003493 
038056 
007337 
065535 
024766 
037381 
038560 
037638 
037383 
030335 
035789 
037647 
037392 
030335 
035773 
037395 
030335 
035804 
006932 
000007 
024687 
030400 
033815 
030336 
032791 
037397 
065472 
038565 
037511 
038534 
000013 
065534 
037397 
038561 
010402 
000007 
030336 
032787 
031366 
030335 
035798 
038534 
031110 
011142 
037537 
065472 
026370 
040191 
038565 
030336 
032787 
065312 
000000 
003462 
000013 
065535 
011142 
030239 
000002 
003337 
003338 
003334 
003335 
030239 
000528 
002321 
003489 
038821 
039680 
003493 
038056 
007337 
065535 
024579 
010409 
065535 
030336 
032790 
038598 
011171 
010402 
016401 
030336 
032768 
007046 
000000 
065504 
065388 
055592 
016545 
027650 
055553 
031110 
030335 
035780 
030854 
038790 
038534 
056835 
010374 
002048 
010374 
017664 
055700 
031110 
031622 
011142 
031366 
011142 
030335 
035766 
038790 
038534 
030335 
035759 
038790 
038534 
030336 
032777 
065312 
000000 
062985 
003462 
038056 
007337 
065535 
030336 
032782 
038598 
065519 
065332 
006932 
004001 
065504 
000513 
006935 
065534 
024603 
030336 
032791 
010374 
065534 
010374 
016993 
010374 
029541 
010374 
017491 
010374 
020512 
010374 
021093 
010374 
030256 
010374 
012320 
010374 
008224 
010374 
008224 
053532 
010402 
004001 
028545 
006935 
065531 
065504 
000478 
030336 
032791 
010374 
065531 
037400 
006313 
065280 
039937 
038534 
037403 
038561 
024896 
065472 
026632 
020249 
065516 
000447 
018713 
065517 
000444 
037403 
038565 
056705 
037400 
037119 
021120 
024843 
021122 
024892 
021125 
065505 
000151 
021124 
065504 
000426 
065519 
063771 
020249 
027921 
019993 
027695 
052249 
065280 
007081 
016384 
024865 
007081 
016640 
024862 
007081 
016896 
065505 
000212 
065519 
000409 
030239 
000128 
010241 
000256 
030239 
000528 
052505 
028672 
065495 
052250 
000015 
006825 
016640 
051880 
039680 
007847 
037831 
038790 
000013 
065534 
010512 
055564 
028588 
052505 
000255 
037402 
007847 
037767 
038790 
000013 
065534 
028661 
028660 
030336 
033820 
020249 
027921 
019993 
027695 
052249 
065280 
007081 
016384 
024864 
007081 
016640 
024861 
007081 
016896 
065505 
000188 
065519 
000356 
030239 
000128 
010241 
000256 
030239 
000528 
052505 
028672 
065495 
052250 
000015 
006825 
016768 
051880 
039680 
007847 
037766 
038855 
000013 
065534 
065519 
000345 
052505 
000255 
037402 
007847 
037766 
038791 
000013 
065534 
065519 
000335 
030239 
000128 
010241 
000256 
030239 
000528 
030400 
016804 
018457 
027655 
030400 
016820 
018201 
027651 
030400 
016852 
010439 
000003 
010439 
000001 
057218 
037541 
065472 
038565 
052249 
000255 
038535 
037402 
038599 
002586 
057219 
037510 
038535 
037510 
038535 
000013 
065525 
065519 
000296 
028416 
028416 
037403 
038561 
038565 
056705 
020249 
065516 
000276 
052505 
061440 
065495 
052250 
000015 
051880 
030239 
000128 
038401 
030239 
000528 
030400 
033820 
037575 
065479 
030335 
035181 
065415 
038598 
007077 
000000 
024841 
056705 
037511 
030335 
035181 
037119 
039046 
000013 
065521 
030239 
000128 
011009 
030239 
000528 
016545 
065516 
065387 
002721 
065519 
065384 
030219 
010402 
000007 
030239 
000451 
010294 
000004 
062986 
030464 
018345 
027908 
010294 
000001 
028419 
010293 
000001 
065408 
063046 
030464 
010293 
000004 
063046 
030464 
016692 
027650 
020481 
010294 
000004 
000010 
065517 
010294 
000001 
030211 
000006 
015120 
030335 
035357 
065517 
000190 
037403 
038561 
065472 
038565 
030335 
035382 
039427 
030335 
035328 
030239 
000528 
052250 
008191 
030335 
035325 
030335 
035300 
038534 
000013 
065533 
030335 
035396 
065519 
065321 
015120 
030335 
035357 
065517 
000161 
052250 
000031 
037915 
002985 
006313 
065504 
065504 
000159 
037403 
038561 
038565 
056705 
030239 
000528 
030400 
033820 
030335 
035379 
039430 
030335 
035328 
030335 
035396 
030335 
035379 
039426 
030335 
035328 
030239 
000528 
052250 
008191 
030335 
035325 
037575 
065479 
030335 
035328 
007077 
000000 
065505 
000136 
056705 
037511 
030335 
035328 
000013 
065524 
030335 
035396 
028542 
010402 
000015 
028419 
010402 
000007 
030219 
030239 
000451 
039424 
065408 
016692 
027650 
020481 
010293 
000004 
063120 
030464 
010294 
000004 
063120 
030464 
000010 
065524 
030211 
000006 
010402 
000015 
028420 
010402 
000007 
065415 
030219 
030239 
000451 
065408 
026372 
010294 
000001 
028419 
010293 
000001 
063120 
030464 
010293 
000004 
063120 
030464 
010294 
000004 
000010 
065521 
063120 
030464 
010294 
000001 
030211 
000006 
030219 
039681 
010409 
034464 
030335 
034531 
030335 
034542 
027916 
030335 
035382 
039429 
030335 
035328 
030335 
035303 
030335 
035396 
016553 
028147 
030211 
000006 
039427 
020495 
028419 
039427 
020487 
030219 
030239 
000001 
010259 
065535 
030239 
000128 
038400 
063120 
030464 
030211 
000006 
030219 
030239 
000128 
010240 
000003 
030239 
000001 
011027 
063120 
030464 
030211 
000006 
010400 
000012 
028422 
010400 
000005 
028419 
010400 
000003 
030336 
032791 
010374 
065531 
037400 
006313 
065280 
038048 
038598 
053504 
065519 
065137 
065519 
063495 
065519 
063493 
028416 
065519 
063490 
030239 
000034 
010244 
000256 
030336 
032768 
010405 
001023 
037379 
038534 
037890 
000013 
065534 
000006 
030336 
032768 
030400 
033792 
010405 
001023 
037510 
021639 
024580 
000013 
065533 
000006 
028416 
030219 
039681 
010409 
034464 
030335 
034531 
030239 
008192 
010247 
013058 
030335 
034542 
027947 
016384 
028156 
010240 
000032 
030335 
034542 
027940 
017158 
027900 
037377 
020393 
027935 
065479 
030239 
000002 
038402 
030239 
008192 
038401 
010243 
016384 
030336 
032768 
037510 
038404 
037510 
038404 
065472 
038565 
056708 
037510 
038562 
065479 
014498 
038404 
000013 
065531 
037510 
038404 
010240 
000192 
010500 
030211 
000006 
030219 
039681 
010409 
034464 
030335 
034531 
030239 
008192 
010247 
013056 
030335 
034542 
027923 
016385 
027900 
010247 
013058 
030239 
000002 
037378 
030239 
008192 
038401 
010240 
000160 
030335 
034542 
027908 
016384 
028156 
010500 
030211 
000006 
030219 
030239 
008192 
010247 
013058 
016384 
027652 
010500 
030211 
000006 
016390 
027900 
037378 
010243 
057344 
030336 
033792 
037380 
038534 
006313 
044032 
024836 
010240 
000128 
028655 
037380 
065472 
038534 
038565 
056708 
037380 
038562 
065479 
014498 
038534 
000013 
065531 
037380 
038534 
010240 
000128 
015108 
028638 
030219 
030239 
008192 
010247 
013059 
010409 
065535 
030335 
035676 
010409 
065535 
030335 
035676 
037537 
036895 
006825 
055296 
030335 
035676 
010244 
013104 
030335 
035699 
010244 
013108 
030335 
035699 
010244 
013104 
030335 
035699 
010405 
000015 
010244 
013108 
030335 
035699 
010244 
013104 
030335 
035699 
065424 
037380 
065472 
036865 
052137 
000013 
065523 
038816 
030211 
000006 
030219 
030239 
008192 
010247 
013059 
010409 
065535 
030335 
035676 
010409 
065535 
030335 
035676 
037537 
036895 
006825 
054272 
030335 
035676 
010405 
000002 
010409 
032768 
030335 
035678 
037536 
030335 
035676 
030211 
000006 
010405 
000016 
056705 
010412 
000001 
022075 
037121 
006824 
013112 
038660 
030335 
035699 
020740 
038660 
030335 
035699 
000013 
065525 
061700 
038660 
030335 
035699 
000006 
030219 
030239 
000048 
010244 
032784 
010240 
000002 
011009 
010244 
032768 
020228 
027903 
030211 
000006 
030239 
008192 
010247 
013056 
010242 
032768 
010409 
001000 
030335 
034516 
011010 
010409 
065535 
030335 
034516 
030239 
008192 
010247 
013056 
010240 
034945 
010242 
000256 
010245 
012304 
010247 
013057 
010246 
004624 
010242 
020480 
010243 
010690 
010244 
002688 
053504 
010400 
008448 
030335 
035646 
039687 
010409 
041248 
030335 
034517 
000006 
030219 
030239 
000002 
037638 
037383 
030211 
000006 
030219 
030239 
000002 
037641 
037386 
030211 
000006 
030219 
030239 
000002 
038662 
038407 
030211 
000006 
030219 
030239 
000002 
037379 
038560 
037636 
037381 
030211 
000006 
030219 
030239 
000002 
038405 
038660 
037536 
038403 
030211 
000006 
030219 
030239 
000002 
037384 
030211 
000006 
030219 
030239 
000002 
038408 
030211 
000006 
030219 
030239 
000451 
010295 
016384 
030211 
000006 
030219 
030239 
000128 
037376 
021504 
024830 
038560 
039680 
063488 
000266 
039680 
022099 
000008 
007688 
037536 
038410 
030211 
000006 
030239 
000451 
010293 
016384 
030239 
000001 
028416 
030219 
030239 
000000 
039429 
038407 
030211 
065535 
065535 
065535 
065535 
065535 
065535 
065535 
065535 
065535 
065535 
065535 
065535 
065535 
065535 
065535 
065535 
065535 
065535 
065535 
065535 
065535 
065535 
065535 
065535 
065535 
065535 
065535 
065535 
065535 
065535 
065535 
065535 
065535 
065535 
065535 
065535 
065535 
065535 
065535 
065535 
065535 
065535 
065535 
065535 
065535 
065535 
065535 
065535 
065535 
065535 
065535 
065535 
065535 
065535 
065535 
065535 
065535 
065535 
065535 
065535 
065535 
065535 
065535 
065535 
065535 
065535 
065535 
065535 
065535 
065535 
065535 
065535 
065535 
065535 
065535 
065535 
065535 
065535 
065535 
065535 
065535 
065535 
065535 
065535 
065535 
065535 
065535 
065535 
065535 
065535 
065535 
065535 
065535 
065535 
065535 
065535 
065535 
065535 
065535 
065535 
065535 
065535 
065535 
065535 
065535 
065535 
065535 
065535 
065535 
065535 
065535 
065535 
065535 
065535 
065535 
065535 
065535 
065535 
065535 
065535 
065535 
065535 
065535 
065535 
065535 
065535 
065535 
065535 
065535 
065535 
065535 
065535 
065535 
065535 
065535 
065535 
065535 
065535 
065535 
065535 
065535 
065535 
065535 
065535 
065535 
065535 
065535 
065535 
065535 
065535 
065535 
065535 
065535 
065535 
065535 
065535 
065535 
065535 
065535 
065535 
065535 
065535 
065535 
065535 
065535 
065535 
065535 
065535 
065535 
065535 
065535 
065535 
065535 
065535 
065535 
065535 
065535 
065535 
065535 
065535 
065535 
065535 
065535 
065535 
065535 
065535 
065535 
065535 
065535 
065535 
065535 
065535 
065535 
065535 
065535 
065535 
065535 
065535 
065535 
065535 
065535 
065535 
065535 
065535 
065535 
065535 
065535 
065535 
065535 
065535 
065535 
065535 
065535 
065535 
065535 
065535 
065535 
065535 
065535 
065535 
065535 
065535 
065535 
065535 
065535 
065535 
065535 
065535 
065535 
065535 
065535 
065535 
065535 
065535 
065535 
065535 
065535 
065535 
065535 
065535 
065535 
065535 
065535 
065535 
065535 
065535 
065535 
065535 
065535 
065535 
065535 
065535 
065535 
065535 
065535 
065535 
065535 
065535 
065535 
065535 
065535 
065535 
065535 
065535 
065535 
065535 
065535 
065535 
065535 
065535 
065535 
065535 
065535 
065535 
065535 
065535 
065535 
065535 
065535 
065535 
065535 
065535 
065535 
065535 
065535 
065535 
065535 
065535 
065535 
065535 
065535 
065535 
065535 
065535 
065535 
065535 
065535 
065535 
065535 
065535 
065535 
065535 
065535 
065535 
065535 
065535 
065535 
065535 
065535 
065535 
065535 
065535 
065535 
065535 
065535 
065535 
065535 
065535 
065535 
065535 
065535 
065535 
065535 
065535 
065535 
065535 
065535 
065535 
065535 
065535 
065535 
065535 
065535 
065535 
065535 
065535 
065535 
065535 
065535 
065535 
065535 
065535 
065535 
065535 
065535 
065535 
065535 
065535 
065535 
065535 
065535 
065535 
065535 
065535 
065535 
065535 
065535 
065535 
065535 
065535 
065535 
065535 
065535 
065535 
065535 
065535 
065535 
065535 
065535 
065535 
065535 
065535 
065535 
065535 
065535 
065535 
065535 
065535 
065535 
065535 
065535 
065535 
065535 
065535 
065535 
065535 
065535 
065535 
065535 
065535 
065535 
065535 
065535 
065535 
065535 
065535 
065535 
065535 
065535 
065535 
065535 
065535 
065535 
065535 
065535 
065535 
065535 
065535 
065535 
065535 
065535 
065535 
065535 
065535 
065535 
065535 
065535 
065535 
065535 
065535 
065535 
065535 
065535 
065535 
065535 
065535 
065535 
065535 
065535 
065535 
065535 
065535 
065535 
065535 
065535 
065535 
065535 
065535 
065535 
065535 
065535 
065535 
065535 
065535 
065535 
065535 
065535 
065535 
065535 
065535 
065535 
065535 
065535 
065535 
065535 
065535 
065535 
065535 
065535 
065535 
065535 
065535 
065535 
065535 
065535 
065535 
065535 
065535 
065535 
065535 
065535 
065535 
065535 
065535 
065535 
065535 
065535 
065535 
065535 
065535 
065535 
065535 
065535 
065535 
065535 
065535 
065535 
065535 
065535 
065535 
065535 
065535 
065535 
065535 
065535 
065535 
065535 
065535 
065535 
065535 
065535 
065535 
065535 
065535 
065535 
065535 
065535 
065535 
065535 
065535 
065535 
065535 
065535 
065535 
065535 
065535 
065535 
065535 
065535 
065535 
065535 
065535 
065535 
065535 
065535 
065535 
065535 
065535 
065535 
065535 
065535 
065535 
065535 
065535 
065535 
065535 
065535 
065535 
065535 
065535 
065535 
065535 
065535 
065535 
065535 
065535 
065535 
065535 
065535 
065535 
065535 
065535 
065535 
065535 
065535 
065535 
065535 
065535 
065535 
065535 
065535 
065535 
065535 
065535 
065535 
065535 
065535 
065535 
065535 
065535 
065535 
065535 
065535 
065535 
065535 
065535 
065535 
065535 
065535 
065535 
065535 
065535 
065535 
065535 
065535 
065535 
065535 
065535 
065535 
065535 
065535 
065535 
065535 
065535 
065535 
065535 
065535 
065535 
065535 
065535 
065535 
065535 
065535 
065535 
065535 
065535 
065535 
065535 
065535 
065535 
065535 
065535 
065535 
065535 
065535 
065535 
065535 
065535 
065535 
065535 
065535 
065535 
065535 
065535 
065535 
065535 
065535 
065535 
065535 
065535 
065535 
065535 
065535 
065535 
065535 
065535 
065535 
065535 
065535 
065535 
065535 
065535 
065535 
065535 
065535 
065535 
065535 
065535 
065535 
065535 
065535 
065535 
065535 
065535 
065535 
065535 
065535 
065535 
065535 
065535 
065535 
065535 
065535 
065535 
065535 
065535 
065535 
065535 
065535 
065535 
065535 
065535 
065535 
065535 
065535 
065535 
065535 
065535 
065535 
065535 
065535 
065535 
065535 
065535 
065535 
065535 
065535 
065535 
065535 
065535 
065535 
065535 
065535 
065535 
065535 
065535 
065535 
065535 
065535 
065535 
065535 
065535 
065535 
065535 
065535 
065535 
065535 
065535 
065535 
065535 
065535 
065535 
065535 
065535 
065535 
065535 
065535 
065535 
065535 
065535 
065535 
065535 
065535 
065535 
065535 
065535 
065535 
065535 
065535 
065535 
065535 
065535 
065535 
065535 
065535 
065535 
065535 
065535 
065535 
065535 
065535 
065535 
065535 
065535 
065535 
065535 
065535 
065535 
065535 
065535 
065535 
065535 
065535 
065535 
065535 
065535 
065535 
065535 
065535 
065535 
065535 
065535 
065535 
065535 
065535 
065535 
065535 
065535 
065535 
065535 
065535 
065535 
065535 
065535 
065535 
065535 
065535 
065535 
065535 
065535 
065535 
065535 
065535 
065535 
065535 
065535 
065535 
065535 
065535 
065535 
065535 
065535 
065535 
065535 
065535 
065535 
065535 
065535 
065535 
065535 
065535 
065535 
065535 
065535 
065535 
065535 
065535 
065535 
065535 
065535 
065535 
065535 
065535 
065535 
065535 
065535 
065535 
065535 
065535 
065535 
065535 
065535 
065535 
065535 
065535 
065535 
065535 
065535 
065535 
065535 
065535 
065535 
065535 
065535 
065535 
065535 
065535 
065535 
065535 
065535 
065535 
065535 
065535 
065535 
065535 
065535 
065535 
065535 
065535 
065535 
065535 
065535 
065535 
065535 
065535 
065535 
065535 
065535 
065535 
065535 
065535 
065535 
065535 
065535 
065535 
065535 
065535 
065535 
065535 
065535 
065535 
065535 
065535 
065535 
065535 
065535 
065535 
065535 
065535 
065535 
065535 
065535 
065535 
065535 
065535 
065535 
065535 
065535 
065535 
065535 
065535 
065535 
065535 
065535 
065535 
065535 
065535 
065535 
065535 
065535 
065535 
065535 
065535 
065535 
065535 
065535 
065535 
065535 
065535 
065535 
065535 
065535 
065535 
065535 
065535 
065535 
065535 
065535 
065535 
065535 
065535 
065535 
065535 
065535 
065535 
065535 
065535 
065535 
065535 
065535 
065535 
065535 
065535 
065535 
065535 
065535 
065535 
065535 
065535 
065535 
065535 
065535 
065535 
065535 
065535 
065535 
065535 
065535 
065535 
065535 
065535 
065535 
065535 
065535 
065535 
065535 
065535 
065535 
065535 
065535 
065535 
065535 
065535 
065535 
065535 
065535 
065535 
065535 
065535 
065535 
065535 
065535 
065535 
065535 
065535 
065535 
065535 
065535 
065535 
065535 
065535 
065535 
065535 
065535 
065535 
065535 
065535 
065535 
065535 
065535 
065535 
065535 
065535 
065535 
065535 
065535 
065535 
065535 
065535 
065535 
