% nspike Calibration file	16-Aug-2005
% dsp channel	calibration
0		-16384
1		-16384
2		-16384
3		-16384
4		-16384
5		-16384
6		-16384
7		-16384
8		-16384
9		-16384
10		-16384
11		-16384
12		-16384
13		-16384
14		-16384
15		-16384
16		-16384
17		-16384
18		-16384
19		-16384
20		-16384
21		-16384
22		-16384
23		-16384
24		-16384
25		-16384
26		-16384
27		-16384
28		-16384
29		-16384
30		-16384
31		-16384
32		-16384
33		-16384
34		-16384
35		-16384
36		-16384
37		-16384
38		-16384
39		-16384
40		-16384
41		-16384
42		-16384
43		-16384
44		-16384
45		-16384
46		-16384
47		-16384
48		-16384
49		-16384
50		-16384
51		-16384
52		-16384
53		-16384
54		-16384
55		-16384
56		-16384
57		-16384
58		-16384
59		-16384
60		-16384
61		-16384
62		-16384
63		-16384
64		-16384
65		-16384
66		-16384
67		-16384
68		-16384
69		-16384
70		-16384
71		-16384
72		-16384
73		-16384
74		-16384
75		-16384
76		-16384
77		-16384
78		-16384
79		-16384
80		-16384
81		-16384
82		-16384
83		-16384
84		-16384
85		-16384
86		-16384
87		-16384
88		-16384
89		-16384
90		-16384
91		-16384
92		-16384
93		-16384
94		-16384
95		-16384
96		-16384
97		-16384
98		-16384
99		-16384
100		-16384
101		-16384
102		-16384
103		-16384
104		-16384
105		-16384
106		-16384
107		-16384
108		-16384
109		-16384
110		-16384
111		-16384
112		-16384
113		-16384
114		-16384
115		-16384
116		-16384
117		-16384
118		-16384
119		-16384
120		-16384
121		-16384
122		-16384
123		-16384
124		-16384
125		-16384
126		-16384
